3
2
3 4
5
3 5 7 11 13
6
9997 9996 9995 9999 9998 10000
Output
Case 1: 12
Case 2: 15015
Case 3: 8320840414791894990000

3
49
3921 7065 8707 5220 9030 691 5933 6605 5908 7616
5649 9167 8762 1161 1821 276 4407 7076 6520 8081
9717 1493 2056 8085 3333 4554 3636 6976 2868 8383
824 3140 5447 9530 8360 828 221 4292 3784 2480 8259
9433 1647 7021 6945 9819 3648 1351 3247
42
5562 9167 9072 640 1856 5924 3885 4490 5969 905
7647 3905 9849 1402 2012 8648 7009 9785 3016 4582
421 8263 525 3426 2725 9063 995 8917 6050 5801 2750
1612 4967 8173 8603 3174 4096 2487 4015 65 9743 1661
50
7074 2094 6341 5655 5209 7316 4803 513 3507 3118
7453 6677 642 2260 1233 9396 649 7220 541 4404
1645 167 6253 5133 7893 3826 1716 6460 9592 9701
5771 6665 1795 8463 8672 7003 2130 3474 3867 5636
2943 7671 8665 3584 9931 6249 9331 6931 9820 9871
output:
Case 1:
109404921136881360581124548790434546009381404370676545273046
4821593237072966021217435248506531817580480
Case 2:
214805107289013877743189356176795318806554208614310697279845
37884346023294209893314515075129856000
Case 3:
15480530822467720104190793294612748062824162117449736458244120557656462314557555817839584005723397539618658833920
